6 9 8 7 0 4 3 2 1
3 0 0 6 9 8 7 5 4
7 0 4 3 0 1 6 9 8
2 1 6 9 8 7 5 0 0
5 4 3 2 0 0 9 8 7
9 0 7 5 4 3 0 1 0
1 6 0 8 0 0 4 3 0
4 0 2 1 6 9 8 0 5
8 0 5 4 3 0 1 0 0

6 9 8 7 5 0 0 2 1
3 2 1 6 0 0 0 5 4
7 5 4 0 0 1 0 0 0
2 0 0 9 8 0 5 4 0
5 0 3 2 1 0 0 8 0
9 8 7 0 4 0 2 0 0
1 6 0 8 0 0 4 3 2
8 7 5 0 3 0 1 6 9
4 3 2 0 6 0 0 0 5

6 4 7 0 0 9 3 0 0
3 0 0 6 0 7 8 0 0
8 0 0 0 2 1 0 4 0
2 0 0 4 7 8 5 9 3
4 7 0 5 0 3 2 0 0
5 9 3 2 1 6 4 0 8
7 8 5 0 0 0 1 6 0
9 0 2 1 6 4 0 0 0
1 0 0 0 8 0 9 0 2

6 9 8 0 0 4 3 2 1
3 2 1 0 9 8 7 5 4
7 5 0 0 0 1 0 9 0
2 1 6 9 0 0 5 4 3
5 0 0 0 1 6 0 8 7
9 8 7 0 0 3 2 1 6
4 3 2 1 0 9 8 7 5
1 6 0 0 7 5 0 3 2
8 7 5 4 3 0 1 6 9

6 9 0 0 5 4 0 2 1
3 0 1 6 9 8 7 0 0
7 5 4 0 2 0 6 0 8
2 1 0 9 0 7 5 0 3
5 4 3 2 1 6 0 0 7
9 8 0 5 4 0 0 1 6
4 0 2 0 6 0 0 0 5
8 7 0 0 3 0 0 0 9
1 6 0 0 7 5 0 3 0

6 0 0 7 5 4 3 2 0
3 0 1 0 9 0 0 0 0
7 5 4 0 2 1 6 9 8
2 0 0 0 0 7 0 0 0
5 4 0 0 0 6 9 8 0
9 8 0 0 0 0 2 1 6
8 7 0 0 3 0 0 0 0
1 6 9 8 0 0 0 3 0
4 3 2 1 6 9 0 0 5

6 0 0 7 5 4 0 0 1
3 2 0 6 9 0 0 5 4
7 5 4 0 0 1 6 9 8
2 1 6 0 0 7 5 4 0
5 4 3 2 1 6 9 8 0
9 8 7 0 4 3 0 0 6
8 7 0 4 3 0 1 0 9
4 0 2 0 0 9 8 0 5
1 6 9 0 7 5 0 3 0

6 0 0 7 5 0 3 0 0
3 2 1 6 0 0 7 5 4
7 0 4 0 0 0 0 9 0
2 0 0 0 8 0 5 4 3
9 8 7 5 0 3 0 0 6
5 4 3 2 1 6 9 0 7
1 6 0 8 0 5 4 3 2
4 3 2 0 6 9 0 0 0
8 7 5 4 3 2 1 6 9
